First: 1216
Second: 804
Third: 562
Fourth: 360
Total: 8760
Average: 2.97756628144
Average rat percent: 0.302581929177