First: 1215
Second: 804
Third: 562
Fourth: 360
Average: 2.97721863312Average rat percent: 0.299687548735