First: 607
Second: 575
Third: 403
Fourth: 241
Total: 5200
Average: 2.84775465498
Average rat percent: 0.292213275558