First: 1535
Second: 740
Third: 458
Fourth: 207
Total: 9483
Average: 3.22551020408
Average rat percent: 0.336994966015